99
6 2 0 2 0 2 0
3 1 0 2 0 0 0
766 347 0 374 0 45 0
111 37 0 52 0 22 0
302 80 0 72 0 150 0
1000 500 0 0 0 500 0
222 78 0 94 0 50 0
429 186 0 86 0 157 0
4 0 0 2 0 2 0
1000 333 0 333 0 334 0
141 47 0 45 0 49 0
481 91 0 336 0 54 0
344 153 0 132 0 59 0
5 1 0 1 0 3 0
999 500 0 249 0 250 0
797 299 0 174 0 324 0
8 3 0 1 0 4 0
451 136 0 135 0 180 0
4 2 0 1 0 1 0
961 427 0 213 0 321 0
725 260 0 308 0 157 0
868 261 0 410 0 197 0
692 241 0 179 0 272 0
543 107 0 374 0 62 0
999 499 0 250 0 250 0
1000 0 0 499 0 501 0
95 3 0 43 0 49 0
788 391 0 228 0 169 0
406 151 0 130 0 125 0
291 113 0 37 0 141 0
695 211 0 148 0 336 0
1000 1 0 500 0 499 0
7 3 0 2 0 2 0
28 10 0 6 0 12 0
164 45 0 58 0 61 0
36 23 0 2 0 11 0
661 11 0 74 0 576 0
930 407 0 321 0 202 0
409 189 0 116 0 104 0
711 225 0 333 0 153 0
152 54 0 71 0 27 0
139 39 0 34 0 66 0
90 45 0 30 0 15 0
959 234 0 423 0 302 0
336 119 0 62 0 155 0
733 123 0 276 0 334 0
5 2 0 3 0 0 0
849 27 0 283 0 539 0
231 115 0 84 0 32 0
664 150 0 225 0 289 0
632 315 0 57 0 260 0
4 3 0 0 0 1 0
160 49 0 47 0 64 0
6 3 0 0 0 3 0
822 380 0 285 0 157 0
6 2 0 3 0 1 0
38 18 0 9 0 11 0
636 272 0 85 0 279 0
804 307 0 102 0 395 0
3 1 0 0 0 2 0
907 904 0 2 0 1 0
5 2 0 1 0 2 0
238 30 0 90 0 118 0
999 0 0 500 0 499 0
489 130 0 235 0 124 0
527 283 0 9 0 235 0
300 56 0 128 0 116 0
173 65 0 75 0 33 0
435 174 0 86 0 175 0
600 285 0 123 0 192 0
783 292 0 141 0 350 0
74 33 0 32 0 9 0
586 282 0 129 0 175 0
758 251 0 231 0 276 0
3 1 0 1 0 1 0
127 18 0 60 0 49 0
204 72 0 65 0 67 0
121 115 0 0 0 6 0
617 69 0 248 0 300 0
999 333 0 333 0 333 0
211 89 0 52 0 70 0
99 14 0 46 0 39 0
551 16 0 263 0 272 0
460 135 0 123 0 202 0
481 74 0 236 0 171 0
553 269 0 112 0 172 0
4 1 0 2 0 1 0
4 1 0 1 0 2 0
1000 250 0 250 0 500 0
3 0 0 0 0 3 0
4 2 0 0 0 2 0
972 468 0 111 0 393 0
503 90 0 173 0 240 0
529 168 0 205 0 156 0
53 9 0 22 0 22 0
825 409 0 197 0 219 0
999 499 0 499 0 1 0
337 78 0 101 0 158 0
318 30 0 13 0 275 0
