1000
3 31 48
84 40 70
53 48 96
77 61 9
1 94 5
57 53 73
33 84 61
54 84 33
10 5 43
71 75 75
16 20 69
80 25 64
25 43 2
59 46 2
20 73 83
88 45 37
55 32 37
73 9 85
74 32 14
61 38 36
42 93 80
64 85 30
94 24 53
84 53 47
37 33 18
16 58 42
85 13 84
13 15 91
70 25 2
71 35 27
48 77 79
69 11 77
57 87 8
99 92 73
31 11 66
89 42 1
94 20 21
73 94 45
61 29 41
4 47 1
6 10 20
25 85 66
74 35 78
11 10 80
35 57 4
31 47 82
6 45 79
35 16 42
37 3 58
1 28 70
66 89 30
37 21 1
98 13 29
75 79 54
36 67 58
56 44 57
83 12 56
35 55 63
57 66 7
75 93 5
62 46 1
66 68 37
77 83 32
78 12 41
2 1 3
19 32 19
54 36 40
1 97 39
93 73 82
74 92 31
56 48 75
18 66 28
72 40 83
4 47 5
46 13 67
33 61 4
17 42 4
100 54 94
38 13 28
37 92 57
57 28 81
37 87 64
100 39 9
0 32 79
91 5 25
47 88 38
53 70 66
20 94 40
6 68 91
71 86 34
54 93 10
85 73 70
23 7 39
4 64 60
23 24 41
43 47 33
75 56 53
44 71 96
91 63 31
57 48 78
6 26 84
71 59 9
44 35 57
73 44 1
98 6 75
48 48 69
19 71 93
29 72 80
29 81 85
99 70 27
2 64 93
72 36 27
49 22 17
55 36 81
93 94 28
67 19 16
38 8 35
38 13 25
11 45 87
45 39 23
85 68 41
6 37 12
40 29 7
31 3 8
48 62 3
77 89 85
80 60 28
40 29 19
62 86 17
49 11 58
66 75 25
100 74 54
47 53 21
81 30 41
83 81 21
89 48 41
39 68 98
70 29 55
88 76 98
42 63 85
67 5 11
84 75 56
97 87 65
84 98 55
30 83 16
44 52 32
40 9 35
37 2 41
37 73 10
8 31 78
77 65 16
54 8 62
75 69 6
39 62 100
96 67 6
69 62 92
65 18 82
26 54 1
66 25 14
97 37 34
19 95 1
61 6 25
57 64 92
4 45 66
71 28 11
30 5 55
61 71 58
22 84 76
17 8 18
96 2 72
52 79 95
86 54 55
71 76 48
64 82 82
97 40 88
54 28 35
82 28 71
34 29 29
12 24 3
58 18 38
22 61 99
23 17 75
80 46 30
42 65 78
4 17 11
85 2 99
51 9 46
0 30 70
35 35 60
88 98 54
91 65 22
22 75 38
56 92 59
93 92 92
4 92 13
49 32 95
7 29 92
54 86 32
45 94 28
17 63 22
17 55 29
1 52 5
9 100 8
7 33 36
3 89 85
6 90 7
83 15 78
63 38 11
66 43 12
14 98 61
43 82 22
79 69 11
95 95 17
0 39 48
90 76 61
84 30 23
40 76 92
46 25 23
17 78 67
52 79 8
16 46 80
87 5 14
23 74 80
20 41 6
32 77 66
28 81 52
7 34 65
13 62 69
50 66 61
74 86 67
97 61 94
76 23 47
25 12 74
73 100 14
67 94 53
100 6 94
38 4 1
87 78 17
72 98 89
84 48 1
10 67 92
20 46 63
20 73 91
65 34 26
46 18 82
86 67 92
17 52 13
17 32 44
76 27 10
95 92 84
95 59 36
26 26 94
84 32 46
99 61 22
23 60 91
40 58 61
31 32 20
100 66 7
41 35 64
35 8 16
85 73 67
98 22 42
65 77 89
75 2 67
8 61 41
55 84 13
22 34 52
30 64 33
9 10 84
55 82 21
63 47 47
85 70 9
99 99 99
72 73 82
83 25 47
69 96 3
67 95 83
16 86 46
20 46 23
34 15 71
38 6 39
37 54 52
34 16 89
32 10 75
97 14 17
13 55 55
98 23 27
7 13 7
5 100 52
52 96 17
4 11 83
95 88 7
27 65 77
87 40 57
46 13 17
94 29 61
91 35 47
14 12 58
41 85 26
3 8 88
52 58 41
7 52 70
83 98 82
4 57 29
58 86 97
16 5 23
33 55 85
97 83 99
98 96 13
93 6 84
77 18 99
13 46 10
78 56 13
12 72 15
56 87 92
51 46 69
78 23 25
84 79 64
75 63 74
28 9 52
66 20 11
86 23 47
94 62 11
54 83 44
51 26 61
91 2 11
68 76 65
98 31 67
52 37 89
76 10 62
30 25 5
2 67 55
52 72 19
68 47 78
21 61 42
32 96 39
36 86 34
32 68 96
67 88 33
39 62 19
51 16 83
0 65 91
83 56 97
1 87 71
12 72 83
15 27 85
88 7 40
33 29 79
60 4 61
77 46 98
67 68 52
18 56 55
23 70 19
69 77 100
89 80 48
15 14 85
74 98 45
82 94 57
75 96 31
26 20 90
38 18 74
19 61 77
29 25 59
93 61 47
15 48 19
4 38 5
4 99 54
33 6 28
62 87 92
99 97 98
67 1 56
14 46 40
36 65 62
34 66 96
23 5 33
17 69 21
43 48 99
83 53 23
44 68 69
70 35 40
49 73 97
89 11 13
100 89 96
96 97 9
7 13 96
79 20 6
4 25 17
65 91 93
49 2 81
80 22 42
49 18 95
49 43 41
47 25 9
86 33 83
22 41 17
0 55 55
64 15 25
84 93 54
46 60 37
0 53 42
95 53 33
98 100 65
34 92 69
32 15 55
10 33 56
80 65 25
33 12 86
53 48 15
47 8 15
79 48 79
1 81 66
39 81 80
14 36 81
81 8 37
20 28 98
92 40 17
71 87 7
85 96 27
83 77 98
34 72 75
34 67 6
45 3 87
10 36 76
14 33 90
28 75 45
97 10 91
59 30 95
93 26 48
97 18 34
1 87 21
43 41 16
22 21 46
61 56 2
85 67 94
24 29 11
97 7 12
19 78 93
100 17 30
28 12 87
57 27 68
21 53 4
71 28 4
14 65 87
48 55 54
53 61 85
34 72 48
59 75 32
73 29 39
13 82 4
10 33 21
6 12 13
0 68 90
29 23 13
24 24 77
45 58 33
25 63 58
69 26 21
11 60 98
79 74 13
67 56 15
100 26 16
47 68 48
75 30 25
43 72 63
30 61 23
32 94 82
96 95 29
0 10 42
76 77 73
43 89 76
35 81 8
28 11 21
46 74 16
60 38 13
11 73 54
36 93 63
25 23 43
47 39 84
0 27 62
21 57 20
73 91 41
16 97 9
34 5 87
65 89 98
73 81 29
23 7 3
68 6 13
33 60 68
44 88 41
43 44 59
26 91 40
30 5 25
48 100 27
94 75 65
13 17 1
57 58 89
30 65 81
32 14 83
51 61 55
64 16 62
37 24 17
3 83 27
5 66 37
81 88 84
92 67 54
37 13 100
23 76 96
42 8 52
84 74 99
58 20 22
30 60 84
87 93 35
5 36 8
34 64 3
27 56 28
2 32 95
39 94 64
33 34 86
96 55 72
26 92 27
80 74 70
57 75 37
10 32 14
20 60 5
52 71 59
95 85 18
41 5 75
28 62 38
34 99 40
69 91 72
77 21 90
43 99 74
16 43 68
54 69 77
74 83 52
87 20 40
99 8 47
64 25 83
90 24 63
14 59 83
54 84 77
29 21 89
67 43 20
67 45 63
91 47 20
65 42 19
27 5 38
15 19 12
97 81 53
40 67 34
68 85 59
20 60 75
44 52 32
8 58 1
53 66 72
12 59 63
42 33 100
35 71 80
75 97 59
67 3 26
10 19 4
41 98 74
81 3 94
16 66 92
91 10 57
100 55 38
58 36 22
94 41 86
67 12 75
96 46 9
98 39 27
13 62 100
74 13 7
48 59 23
14 10 10
81 38 96
13 15 75
33 70 76
0 54 4
79 87 63
90 70 34
67 54 42
41 12 92
69 96 28
44 33 42
85 85 34
38 91 22
47 85 3
80 53 38
84 71 12
39 5 87
89 8 11
49 79 11
19 67 40
6 54 76
1 13 64
61 53 3
34 74 94
70 16 5
47 2 34
60 29 94
87 37 94
62 59 95
45 12 15
1 55 20
91 2 12
66 22 24
25 76 48
29 90 66
84 69 3
2 21 41
45 83 96
7 55 65
80 94 17
42 62 90
97 48 53
19 90 69
53 3 4
36 69 53
32 46 61
19 87 86
24 60 67
6 74 32
90 78 19
5 97 10
46 38 10
21 52 78
30 15 68
1 7 59
61 11 97
78 92 39
47 71 80
50 82 26
100 87 47
43 81 99
9 70 2
50 58 100
54 28 31
8 59 6
42 13 34
91 25 16
78 31 43
100 64 45
20 71 63
7 84 22
90 69 64
9 67 98
22 14 70
0 42 24
12 55 55
31 43 35
82 32 14
50 65 61
56 35 42
99 95 91
55 47 53
31 83 25
97 76 47
59 8 29
100 45 18
28 37 95
12 71 89
74 24 4
53 90 67
10 37 85
23 100 5
36 98 27
29 37 5
32 60 75
34 9 32
2 86 38
37 59 59
86 89 75
77 31 9
84 79 77
27 81 7
59 30 79
31 57 62
33 44 96
19 25 7
83 88 33
4 90 64
47 27 8
100 28 10
46 69 58
83 21 71
34 44 91
77 23 24
79 94 60
82 35 76
7 25 48
36 32 85
41 31 52
55 80 45
63 75 34
67 14 93
30 64 56
75 40 70
16 39 79
79 37 2
61 11 61
41 87 80
99 35 58
28 16 5
96 100 18
39 85 37
55 65 61
7 78 53
1 23 57
5 21 40
34 21 80
84 1 80
91 59 33
88 64 68
76 70 22
46 26 68
59 98 12
22 2 57
68 23 92
76 86 17
27 39 58
61 30 32
38 100 15
37 65 24
3 66 73
15 81 30
100 84 72
90 72 20
91 96 80
73 79 96
43 19 26
15 74 4
51 76 26
64 88 26
25 74 22
73 60 73
29 36 86
52 71 98
29 75 87
4 95 82
35 99 22
76 85 40
7 56 41
5 92 68
50 45 96
33 58 9
84 63 23
8 67 44
55 3 20
15 72 4
25 54 15
15 28 37
45 58 69
75 23 60
44 5 97
96 23 25
20 18 1
45 4 63
11 99 92
2 93 86
52 23 15
91 86 25
14 89 2
6 36 66
0 71 40
46 59 25
50 42 68
34 98 65
90 16 86
14 81 78
100 66 13
97 58 73
93 79 38
16 15 64
22 20 89
84 58 56
98 4 46
88 27 3
84 58 8
23 3 100
12 9 17
16 11 38
0 44 99
48 86 21
44 27 57
93 24 72
82 47 30
75 28 25
63 39 40
48 38 28
59 82 94
97 44 60
69 44 38
33 24 78
51 57 31
72 9 77
56 84 29
36 41 40
60 81 83
25 61 69
59 60 85
68 88 5
39 43 22
77 41 62
13 47 81
22 45 39
24 1 68
19 77 96
6 54 76
17 89 70
94 54 91
100 68 14
67 43 16
76 41 73
90 77 46
16 88 96
52 56 84
68 45 5
56 61 7
80 78 67
83 89 31
68 63 40
15 73 20
17 31 57
16 12 2
63 53 74
75 37 68
70 44 46
55 37 9
21 28 21
74 29 63
52 90 42
55 94 27
29 42 62
14 58 26
93 40 71
81 58 33
56 57 34
94 53 82
8 20 80
99 8 69
46 65 73
1 23 28
25 43 87
51 16 84
98 80 87
46 54 18
98 55 70
91 74 34
76 82 99
100 70 91
78 28 15
76 47 70
40 32 40
45 61 96
8 64 34
96 31 25
12 7 78
29 35 24
37 43 86
84 5 4
36 98 30
50 22 62
2 20 12
49 48 55
95 61 13
13 68 39
13 28 46
48 19 14
73 7 6
22 15 99
87 37 36
90 93 62
21 99 3
55 83 24
38 2 57
28 100 1
96 10 58
31 20 6
73 4 82
27 23 72
0 89 69
52 10 20
23 89 93
13 45 52
98 29 77
28 53 36
55 71 19
53 76 77
100 31 47
92 80 87
20 2 14
34 44 71
36 42 44
9 3 8
81 16 88
44 95 98
81 79 13
69 3 81
92 38 94
61 87 41
46 100 80
34 85 73
16 93 89
76 87 22
92 82 14
74 32 16
52 60 75
87 70 20
99 70 86
55 98 32
58 20 9
2 77 57
21 66 14
97 44 64
66 69 9
91 24 30
96 46 59
11 69 57
86 25 64
23 35 44
65 81 74
84 90 1
20 11 46
95 22 15
84 18 41
35 87 31
4 8 40
66 19 66
1 73 59
16 66 96
27 23 13
100 31 11
41 58 27
98 41 60
100 91 95
75 53 41
51 36 99
1 74 53
19 53 6
10 38 38
77 75 53
9 67 78
18 89 10
76 58 19
14 72 37
37 17 62
1 69 27
28 89 30
100 91 18
24 57 38
24 81 77
53 85 73
13 64 55
65 77 76
42 67 86
45 38 11
80 70 89
80 80 99
79 40 83
91 2 82
100 1 1
17 2 33
87 28 17
45 54 78
44 31 91
83 62 4
13 63 44
94 30 67
39 39 55
77 83 58
16 58 27
96 44 13
96 28 17
23 7 57
90 48 65
4 87 25
83 39 80
70 57 74
61 12 61
55 68 37
12 33 57
72 84 72
53 5 47
23 68 11
12 88 91
75 18 61
85 55 91
53 46 81
31 80 31
77 46 25
81 53 85
79 13 6
100 47 93
50 22 39
82 87 30
12 83 57
84 95 42
2 42 20
100 61 33
