50
3
1 2 3
2 3 5
3 5 6
2 3 4
1 2 3
7
6 11 15 18 20 21 32
1 2 3 4 5 6 23
23 24 27 29 31 32 34
22 25 26 28 30 33 34
5 10 14 17 19 20 30
5 10 14 17 19 20 31
1 2 3 4 5 6 22
4 9 13 16 17 18 28
6 11 15 18 20 21 33
2 7 8 9 10 11 25
3 8 12 13 14 15 27
2 7 8 9 10 11 24
3 8 12 13 14 15 26
2
2 4
6 8
2 6
2
4 8
2 6
6 8
4
4 8 10 14
2 4 5 8
5 8 10 13
5 10 12 15
8 10 12 14
11 14 15 18
8 13 14 18
6
7 10 11 16 24 26
4 7 9 15 20 22
1 4 8 12 13 17
13 20 24 26 32 36
8 9 11 18 25 28
1 4 7 12 17 18
18 24 28 32 36 38
12 15 18 20 26 28
12 15 16 20 28 32
17 22 26 28 37 38
17 21 25 28 32 37
5
1 2 5 7 10
5 9 10 14 17
2 7 8 11 12
10 12 16 19 22
4 7 9 11 12
7 11 14 15 19
5 8 10 14 16
1 4 5 7 10
7 11 14 15 19
3
2 4 5
3 5 7
5 7 8
4 5 6
4 6 8
4
1 5 9 13
1 2 3 4
9 10 11 12
2 6 10 14
5 6 7 8
4 8 12 16
13 14 15 16
7
7 8 9 10 11 12 13
4 5 6 7 8 9 10
6 7 8 9 10 11 12
3 4 5 6 7 8 9
5 6 7 8 9 10 11
1 2 3 4 5 6 7
6 7 8 9 10 11 12
5 6 7 8 9 10 11
2 3 4 5 6 7 8
4 5 6 7 8 9 10
2 3 4 5 6 7 8
7 8 9 10 11 12 13
3 4 5 6 7 8 9
4
13 16 39 47
28 47 72 95
16 26 47 53
13 22 28 38
47 56 95 117
38 53 87 117
39 52 72 87
8
2 5 6 8 9 10 11 14
11 19 21 23 24 28 30 32
15 23 25 26 28 31 32 38
5 8 11 14 16 18 20 23
8 13 15 16 19 21 23 26
7 11 13 15 17 19 21 25
5 8 10 13 14 16 19 22
14 20 22 23 25 28 30 35
9 14 17 19 20 24 25 28
2 5 7 8 10 11 14 15
6 10 13 15 18 20 22 25
14 22 25 28 31 34 35 38
8 14 15 16 19 20 23 28
10 16 19 20 22 25 28 31
11 18 20 21 24 25 28 34
7
15 21 25 31 32 38 40
7 8 11 14 20 22 23
19 22 27 34 39 40 41
14 19 22 26 31 35 36
15 20 24 31 32 39 41
5 6 9 12 15 16 18
18 23 30 36 40 41 45
9 11 14 22 25 27 32
22 25 32 35 41 42 45
5 7 12 14 15 19 22
12 14 18 26 31 34 35
16 22 26 35 38 40 42
6 8 13 19 21 22 25
3
2 3 4
1 2 3
3 4 5
2 3 4
1 2 3
10
4 5 8 11 12 14 17 19 21 24
19 21 22 25 28 32 34 38 41 43
13 15 16 20 23 26 28 31 32 35
4 5 9 11 13 15 18 21 24 26
11 14 17 19 23 26 28 31 34 38
21 24 27 29 32 34 36 39 41 44
2 4 7 9 11 13 16 19 21 22
6 8 11 13 15 16 19 24 27 29
16 19 21 24 26 31 32 35 39 41
7 11 12 16 17 20 23 26 29 30
2 4 6 7 10 11 13 16 19 20
19 21 24 26 27 31 34 35 38 39
10 12 13 18 21 23 26 27 32 35
7 9 11 12 13 17 18 21 22 26
16 18 19 23 26 28 31 32 34 37
22 26 29 30 35 38 40 41 43 45
9 11 13 16 18 19 22 24 25 29
13 17 18 22 24 28 31 34 36 40
11 13 15 17 21 23 24 26 28 30
10
6 11 14 17 20 24 25 28 29 30
6 8 9 10 14 17 19 20 22 25
12 15 17 22 24 27 28 31 34 36
1 3 6 8 11 12 13 15 18 21
3 4 7 8 11 14 16 18 21 22
4 7 9 12 16 17 19 21 22 25
15 21 22 25 26 34 37 40 41 44
21 23 25 28 30 36 40 42 44 45
1 3 4 5 6 9 11 14 15 16
5 8 10 14 19 22 23 24 25 28
15 18 21 24 28 33 36 37 40 41
18 20 22 25 29 34 37 40 41 43
9 14 17 18 21 27 30 33 34 36
11 14 16 19 20 21 24 25 26 28
3 4 8 9 14 15 16 18 20 23
8 9 12 14 17 18 21 24 25 27
11 16 19 21 24 28 33 36 37 40
16 22 25 27 28 36 39 41 43 45
14 18 20 24 25 31 35 37 40 42
7
43 44 45 46 47 48 49
29 30 31 32 33 34 35
6 13 20 27 34 41 48
36 37 38 39 40 41 42
8 9 10 11 12 13 14
1 2 3 4 5 6 7
2 9 16 23 30 37 44
22 23 24 25 26 27 28
7 14 21 28 35 42 49
1 8 15 22 29 36 43
15 16 17 18 19 20 21
3 10 17 24 31 38 45
5 12 19 26 33 40 47
9
15 20 23 32 36 39 40 45 48
6 8 13 16 20 23 26 28 33
9 14 19 24 26 27 35 36 38
22 25 31 38 43 46 51 54 55
8 11 16 19 25 26 30 34 37
3 5 7 9 10 15 20 24 28
10 20 25 26 32 36 38 43 47
24 28 34 36 40 45 47 54 57
15 23 26 27 34 39 41 46 49
23 28 34 39 47 49 54 57 61
5 8 11 14 17 20 21 25 28
20 26 30 35 39 40 45 51 54
7 13 16 19 20 23 27 31 34
9 16 19 24 27 32 37 38 39
3 6 8 9 14 15 18 22 23
18 21 27 37 38 41 45 47 53
28 33 37 38 45 48 53 55 61
8
9 17 19 22 26 32 33 35
6 9 14 17 20 25 29 31
12 16 21 22 23 32 37 42
17 29 31 37 41 46 51 54
11 14 17 19 21 29 31 36
14 20 21 23 31 37 39 44
20 29 33 35 44 49 54 59
8 14 17 21 24 29 30 33
16 25 29 32 34 38 43 49
13 20 24 26 31 34 41 43
20 31 36 42 43 51 55 59
6 9 14 16 20 23 24 29
14 23 29 32 37 38 46 51
17 24 30 33 39 43 51 55
5 6 11 12 13 14 17 20
6
6 11 13 18 19 21
5 9 12 15 17 18
1 2 4 7 10 12
7 14 16 20 22 25
4 7 12 13 16 19
3 6 7 9 11 15
7 9 15 18 20 23
10 11 17 19 22 26
1 3 5 6 7 10
10 15 19 23 26 27
2 6 9 11 14 15
9
16 18 23 26 28 34 37 41 43
1 3 6 11 16 17 22 27 29
21 26 32 40 43 48 55 56 62
1 2 7 11 16 17 19 20 21
20 25 30 38 41 44 51 54 59
2 5 7 12 18 23 27 31 35
6 7 10 20 21 24 25 30 32
29 35 37 42 43 48 53 59 62
11 16 20 22 26 29 35 40 42
7 9 10 14 23 25 31 36 37
19 21 25 34 37 42 47 49 53
27 31 36 40 41 44 49 54 56
11 12 14 22 23 29 34 38 40
16 17 21 23 28 32 39 41 43
17 20 24 29 34 37 40 44 48
22 27 31 35 39 40 47 51 55
3 5 9 16 17 20 21 25 26
10
51 52 53 54 55 56 57 58 59 60
1 2 3 4 5 6 7 8 9 10
2 12 22 32 42 52 62 72 82 92
4 14 24 34 44 54 64 74 84 94
3 13 23 33 43 53 63 73 83 93
31 32 33 34 35 36 37 38 39 40
8 18 28 38 48 58 68 78 88 98
1 11 21 31 41 51 61 71 81 91
61 62 63 64 65 66 67 68 69 70
5 15 25 35 45 55 65 75 85 95
10 20 30 40 50 60 70 80 90 100
7 17 27 37 47 57 67 77 87 97
91 92 93 94 95 96 97 98 99 100
21 22 23 24 25 26 27 28 29 30
81 82 83 84 85 86 87 88 89 90
6 16 26 36 46 56 66 76 86 96
11 12 13 14 15 16 17 18 19 20
71 72 73 74 75 76 77 78 79 80
41 42 43 44 45 46 47 48 49 50
7
7 8 12 14 15 18 20
3 4 6 7 8 10 12
11 14 16 17 20 22 24
5 6 8 10 12 13 14
9 12 14 17 18 22 24
2 3 4 6 7 8 9
9 11 12 14 15 17 18
7 8 9 12 14 15 17
6 7 10 12 14 16 17
3 4 6 8 11 13 14
8 10 13 15 17 20 22
4 6 8 9 12 14 16
10 13 14 16 18 20 22
7
5 8 9 12 14 16 17
11 13 16 17 20 23 25
2 5 8 10 13 15 16
13 14 15 20 22 25 28
12 16 19 20 22 24 27
15 16 18 23 24 28 29
10 12 13 17 20 23 25
5 8 10 13 16 17 18
8 10 11 13 15 18 20
8 9 11 16 19 21 24
2 5 8 11 12 13 14
13 17 21 23 25 28 30
14 18 24 25 28 29 33
7
6 9 10 11 12 13 14
11 12 13 14 18 19 23
3 5 7 9 10 11 13
8 10 11 12 14 17 19
3 5 6 8 10 11 12
6 8 10 11 13 15 16
5 7 9 10 11 12 13
12 13 15 16 19 21 23
10 11 13 15 17 18 19
2 3 4 6 8 9 11
8 10 11 13 14 16 18
4 6 9 10 11 13 15
2 3 5 6 8 10 12
10
7 10 14 15 17 20 22 23 25 27
11 13 18 20 21 23 25 26 29 30
3 5 6 7 8 9 10 12 13 14
5 8 11 12 14 16 17 19 20 22
4 7 9 10 11 14 16 17 18 20
9 12 16 17 19 22 24 25 27 29
2 5 7 8 9 10 11 14 16 17
3 6 8 9 10 12 14 16 17 18
6 9 12 13 16 18 20 21 23 25
13 16 17 18 20 23 25 27 29 30
4 7 8 9 11 12 14 16 18 20
12 14 16 17 19 21 23 25 26 27
1 2 3 4 5 6 7 9 11 13
13 14 20 21 23 25 26 27 30 32
14 17 18 20 22 25 27 29 30 32
8 10 12 14 16 18 20 22 23 25
6 8 9 10 12 13 15 17 20 21
7 9 10 11 14 16 17 19 21 23
10 11 14 16 17 20 22 24 25 26
9
19 21 25 27 30 33 36 39 40
4 6 7 8 11 12 13 15 16
1 4 5 7 9 11 12 14 15
12 13 19 23 24 29 32 36 37
15 16 22 27 32 35 36 40 42
14 15 20 26 29 32 34 39 40
1 4 7 8 10 13 16 19 21
9 11 16 20 21 23 27 30 33
21 24 26 29 33 35 37 40 42
7 10 11 13 16 18 19 20 22
13 18 20 22 23 26 29 32 35
10 15 16 18 21 23 24 29 32
11 12 18 22 23 26 29 33 35
16 19 22 24 27 29 32 34 36
4 6 10 13 15 18 19 21 24
5 7 11 14 16 20 22 25 26
7 8 13 17 18 22 24 27 29
9
22 25 32 37 43 47 50 54 56
3 5 6 7 8 11 14 15 17
15 27 35 41 47 51 54 56 63
11 24 32 34 40 44 47 49 52
7 17 21 26 27 30 37 40 41
8 22 27 31 35 38 43 46 50
14 26 34 36 43 47 50 54 58
8 10 14 21 27 32 34 35 40
21 24 29 30 38 44 47 51 55
17 29 40 42 48 55 56 58 65
25 30 37 40 46 49 54 56 58
6 12 14 17 22 29 32 37 40
16 21 22 27 35 40 43 47 48
5 8 10 13 21 24 25 30 34
5 8 12 17 22 24 26 27 29
3 5 8 11 16 21 22 25 27
11 13 17 26 31 34 36 41 42
10
107 156 171 188 198 211 244 262 286 309
85 133 146 158 191 205 225 232 262 264
102 148 172 177 193 225 243 263 286 298
18 35 43 65 68 83 87 88 107 125
65 79 107 112 129 132 154 158 177 198
125 164 181 210 234 240 263 264 298 324
43 49 70 79 88 106 125 139 156 164
18 43 44 49 55 56 76 85 102 123
49 85 86 112 121 143 153 155 188 210
44 70 82 107 119 124 142 153 171 181
43 70 82 86 105 129 132 146 172 174
55 89 105 129 141 165 167 173 198 234
83 106 124 143 165 175 186 205 225 226
68 88 119 121 141 144 175 191 193 210
76 123 132 154 175 186 217 221 244 263
88 139 153 155 173 202 221 232 263 280
56 111 129 132 144 175 200 202 211 240
123 170 174 198 210 226 252 280 309 324
35 49 70 85 89 111 123 133 148 170
10
5 6 7 8 9 10 11 12 13 14
10 11 12 13 14 15 16 17 18 19
2 3 4 5 6 7 8 9 10 11
5 6 7 8 9 10 11 12 13 14
6 7 8 9 10 11 12 13 14 15
3 4 5 6 7 8 9 10 11 12
2 3 4 5 6 7 8 9 10 11
1 2 3 4 5 6 7 8 9 10
8 9 10 11 12 13 14 15 16 17
9 10 11 12 13 14 15 16 17 18
1 2 3 4 5 6 7 8 9 10
8 9 10 11 12 13 14 15 16 17
7 8 9 10 11 12 13 14 15 16
10 11 12 13 14 15 16 17 18 19
4 5 6 7 8 9 10 11 12 13
4 5 6 7 8 9 10 11 12 13
3 4 5 6 7 8 9 10 11 12
7 8 9 10 11 12 13 14 15 16
6 7 8 9 10 11 12 13 14 15
3
3 4 5
2 3 4
3 4 5
1 2 3
2 3 4
2
2 22
22 222
22 222
2
3 4
2 4
1 3
4
3 5 6 11
8 9 11 13
1 2 3 7
3 5 6 12
2 4 5 9
1 2 3 8
7 10 12 13
10
14 16 19 20 22 23 25 26 28 31
4 6 8 10 12 14 15 17 19 20
15 17 18 21 23 26 28 30 31 32
5 8 9 11 13 15 17 18 20 22
1 3 5 6 8 9 11 13 14 15
11 14 15 16 19 22 23 24 26 28
6 9 10 11 12 14 15 16 19 21
2 4 7 9 11 12 14 15 16 18
1 2 4 5 6 7 9 11 13 15
9 12 14 15 17 20 21 22 25 27
11 14 15 17 18 20 21 23 26 28
15 18 20 22 23 24 27 28 29 32
7 11 12 14 16 18 20 21 23 24
6 9 11 12 14 17 18 19 22 23
8 11 12 13 14 16 17 19 21 23
3 4 6 8 9 11 12 14 15 17
13 15 17 18 19 21 22 24 27 30
13 15 17 19 21 24 26 27 28 29
5 7 8 9 11 12 14 15 17 18
2
2 22
2 22
22 222
2
4 8
6 8
2 4
8
13 15 16 18 19 20 24 25
4 6 7 9 10 11 12 14
9 12 13 14 16 18 20 21
11 14 15 16 17 19 22 24
12 13 14 16 19 21 24 25
1 3 4 6 8 9 11 13
8 10 11 12 15 16 18 19
6 8 10 11 13 14 15 16
6 9 10 13 15 16 17 19
3 5 6 8 9 10 11 13
2 5 6 8 10 12 14 15
1 2 4 5 6 8 10 12
8 10 11 14 16 18 19 20
10 11 12 15 18 20 22 24
4 6 7 10 11 13 15 16
10
14 19 21 25 27 31 32 34 40 41
7 9 12 15 17 19 21 23 25 28
3 6 9 11 13 15 18 20 23 24
4 6 8 11 14 17 19 21 24 25
18 24 25 31 32 34 37 38 45 47
14 18 23 25 28 30 32 34 37 39
9 13 17 21 24 25 27 30 32 36
6 11 15 18 21 23 25 27 30 32
12 15 20 23 26 29 31 33 34 38
17 21 23 28 30 33 34 35 43 44
8 14 17 21 24 26 28 31 34 37
19 24 30 32 37 39 41 44 47 50
8 11 15 18 21 23 25 28 31 34
18 23 27 30 34 37 40 43 45 48
17 20 24 27 31 33 34 35 38 42
19 25 28 34 36 38 39 42 48 50
2 4 7 8 9 12 14 17 18 19
11 17 19 23 25 29 30 33 37 39
5 8 12 15 17 20 23 24 27 30
8
6 10 12 15 17 18 24 25
4 5 7 10 13 15 18 21
13 18 20 21 26 28 29 32
15 21 22 25 29 30 32 34
4 7 9 10 13 17 21 22
15 18 21 24 25 27 29 32
2 3 4 6 8 10 13 15
8 13 14 16 20 23 25 26
10 15 18 19 23 24 27 29
5 6 9 12 14 18 20 22
13 15 17 18 23 24 28 30
7 8 10 15 16 19 21 25
10 12 13 17 20 23 26 29
18 20 22 25 26 29 32 34
3 5 6 8 12 15 18 20
8
15 16 18 22 24 26 27 34
8 15 18 21 24 29 33 40
11 17 19 24 26 32 35 44
11 14 15 17 21 24 25 30
1 4 8 11 15 19 23 27
3 7 10 14 16 23 24 29
23 24 27 31 33 35 39 41
27 29 33 36 40 44 47 50
4 7 8 12 15 17 20 24
15 24 28 30 34 37 41 50
5 8 14 15 18 25 27 33
1 3 5 7 8 11 13 15
8 10 14 15 18 19 23 28
13 20 23 25 27 35 39 47
19 23 25 28 29 32 35 37
7
9 23 25 47 49 71 79
28 67 91 112 115 130 144
58 71 77 130 146 185 191
8 10 23 27 42 58 68
71 80 137 161 183 191 200
38 73 108 130 145 146 168
10 23 46 67 73 76 80
68 79 96 144 168 188 200
20 46 50 52 55 77 96
8 9 20 28 38 50 71
27 47 52 112 130 149 161
50 76 132 149 166 185 188
23 25 50 91 108 132 137
4
3 5 7 8
6 7 10 12
2 3 5 6
5 7 9 10
5 6 9 11
3 5 6 7
2 3 5 6
3
1 2 3
3 4 5
3 4 5
2 3 4
1 2 3
4
7 8 9 10
3 5 7 8
2 4 6 7
5 6 8 9
6 7 8 9
4 5 6 8
2 3 5 7
4
3 4 5 6
4 5 6 7
1 2 3 4
2 3 4 5
4 5 6 7
2 3 4 5
3 4 5 6
7
6 8 9 11 12 14 15
4 5 7 8 10 11 14
2 4 6 8 10 11 12
10 11 14 16 18 19 21
12 14 15 18 19 21 23
2 4 5 7 8 10 12
11 13 14 15 16 19 21
4 5 8 10 11 13 15
10 11 12 13 14 18 19
12 15 16 18 20 21 23
5 7 9 11 12 14 16
8 10 12 13 14 16 20
8 10 11 12 13 16 18
10
2 10 11 12 13 14 15 16 17 48
8 16 23 29 34 38 41 43 44 61
46 48 51 53 55 56 59 60 62 64
5 13 20 26 31 32 33 34 35 55
3 11 18 19 20 21 22 23 24 50
2 10 11 12 13 14 15 16 17 49
1 2 3 4 5 6 7 8 9 46
4 12 19 25 26 27 28 29 30 52
5 13 20 26 31 32 33 34 35 54
8 16 23 29 34 38 41 43 44 60
47 49 50 52 54 57 58 61 63 64
6 14 21 27 32 36 37 38 39 57
6 14 21 27 32 36 37 38 39 56
1 2 3 4 5 6 7 8 9 47
7 15 22 28 33 37 40 41 42 58
9 17 24 30 35 39 42 44 45 63
9 17 24 30 35 39 42 44 45 62
7 15 22 28 33 37 40 41 42 59
3 11 18 19 20 21 22 23 24 51
2
2 6
2 4
4 8
5
9 10 13 15 18
4 5 10 13 15
11 13 15 16 20
1 4 7 9 11
7 10 12 13 15
11 15 16 18 20
7 8 12 14 16
10 13 14 15 16
4 5 8 10 13
