Case #1: 3 4 6
Case #2: 4 9 13 16 17 18 29
Case #3: 4 8
Case #4: 2 4
Case #5: 2 5 8 11
Case #6: 4 7 10 15 21 24
Case #7: 10 12 17 19 22
Case #8: 2 3 4
Case #9: 3 7 11 15
Case #10: 1 2 3 4 5 6 7
Case #11: 22 26 52 56
Case #12: 10 16 18 19 20 22 24 31
Case #13: 12 13 14 18 24 26 30
Case #14: 3 4 5
Case #15: 20 24 26 29 30 35 37 39 44 45
Case #16: 13 16 19 23 25 30 33 35 37 39
Case #17: 4 11 18 25 32 39 46
Case #18: 14 17 20 27 32 34 39 40 45
Case #19: 5 6 8 9 14 16 17 20
Case #20: 12 15 18 21 25 27
Case #21: 17 23 25 29 32 37 42 44 48
Case #22: 9 19 29 39 49 59 69 79 89 99
Case #23: 2 3 5 7 9 10 11
Case #24: 16 17 20 25 27 30 33
Case #25: 9 11 12 13 16 18 21
Case #26: 1 3 4 6 7 8 10 12 13 14
Case #27: 8 13 14 17 20 22 23 26 27
Case #28: 27 34 40 41 50 52 58 63 65
Case #29: 87 125 142 153 167 200 217 225 243 252
Case #30: 9 10 11 12 13 14 15 16 17 18
Case #31: 1 2 3
Case #32: 2 22
Case #33: 1 2
Case #34: 2 4 5 10
Case #35: 9 12 14 15 17 18 20 22 24 26
Case #36: 22 222
Case #37: 2 6
Case #38: 5 8 9 11 12 14 16 18
Case #39: 2 3 5 6 8 11 14 17 18 19
Case #40: 2 4 5 7 10 13 15 18
Case #41: 7 12 15 17 22 28 31 36
Case #42: 42 49 55 115 145 166 183
Case #43: 6 8 11 12
Case #44: 2 3 4
Case #45: 7 8 9 10
Case #46: 1 2 3 4
Case #47: 7 8 11 12 13 15 18
Case #48: 4 12 19 25 26 27 28 29 30 53
Case #49: 6 8
Case #50: 1 4 7 10 11
